$ANSIBLE_VAULT;1.1;AES256
33303466323234656432393039626164623030666463336539663330373731353466336431386463
3035383437326261666264363837366436396264653861650a333763343366313864643832386237
34646334366635373136316238636332353332656635353434333632396232633132303630633535
6561633165303461340a393561636263636264393035393031316534306232636433633763343261
63313965633539313662633961386632313133656630323561383038313737626436646631363565
34396462636235623236306331616462616132383138313636653266653037636339656437666463
36336639353266646638336634666534616338646565376430623637393334663631393932656562
36393238646132653561383164376132316561363131393937366131333165333133663863333236
30356332316332386334653062653730393834656161316165636537393466613133353934643036
35373262653963383061396264663536333163643639366330623566333062623164663864343238
36666161323966333565326530363631383833636135626630383031363437323134346665376162
66303865656266326630666435643533306566353764396436636331633830343732383437623162
33373332626264396631336231376166613765366531656430356332656532353930666239376537
38636363343437306164393239323839613431613861616430313435303566393761636563363064
63303966643133373132366661656237323565636165383961316664333437363233313833636461
63306462663765383263643036643434386634666438333761653633363834656437623932393134
31393232393338393162346436316663306131356562326236623263626235626661333334663032
33363366653139643234313234373338643332386635363234336636653639343737313263373035
62343930363636353134373566656632346562633334623864326632363565376463346439323730
66663838623834353133663432633761653962656433303735656365666661623337343664646236
37396464366563613234343363326533633135313961353836306335346261653730303561613830
38393535316531306365356566316535306130313866616464656438626164326435396562666366
30626532366639323966663966336237633962393061633837373163303336636265333136643737
38353938373031613566313966346138343061613264613830656335343833316636643234376465
63333461393164353638303037313038303134623662376334313033326131353361653264376436
63633065663661663938636131646539383235643366636662616631323036666637653236383464
65303239386439643366343836346430323864313566333832393038326663663832386435356661
33663562356532306661363433336666316338363762326266663334353234633635643034343163
36366134623333363865366234353462383862633862313539663338356666343730386264393133
30343261316464393663363830303939636338613931353839373837393136313538623933333135
33393162316266363335396265313332353963616639663333366563313230376330616635343733
65623431313862653633303438383534643338396432343065636639316536373331333865633965
65326564316432373665396238393131383061306535376466313535663663633761643134343831
31383031363766303431306664333236353532306430643738653233613934646639646361646563
65643166333939366162343132636633366166363434653036643964353538346666343334613265
66303737343338346335643966363062626234316365636536303562343461666330666261396432
64393936646538306333656537333938346364633066656466386232396535643266353239303137
38326137323836636630323838353337366334323139626432653834383431396538346564663937
36343063323565316437353931623536383037303033393233316436343766313530343634326462
65333164626638626332333066623162386239323364303761396438366165653732356338373361
63373734653736353834356139333262636232656536653032316462613432343463353430613062
31386361663733616361326237633631653236373737636232393836616333656238316533356530
36373065623361353730653539383433323732356532653361343138623332363066353630616663
62666565613038316333
